131
1999 1 24933
1999 2 25317
1999 3 25492
1999 4 25060
1999 5 24981
1999 6 24957
1999 7 25355
1999 8 25360
1999 9 25789
1999 10 25580
1999 11 25415
1999 12 25492
2000 1 25542
2000 2 25675
2000 3 25833
2000 4 25817
2000 5 25939
2000 6 26012
2000 7 26043
2000 8 26134
2000 9 26375
2000 10 26315
2000 11 26490
2000 12 26494
2001 1 26516
2001 2 26614
2001 3 26670
2001 4 26729
2001 5 25338
2001 6 24359
2001 7 24770
2001 8 25355
2001 9 25775
2001 10 25535
2001 11 25163
2001 12 24633
2002 1 24349
2002 2 24584
2002 3 24350
2002 4 24348
2002 5 24327
2002 6 24467
2002 7 24505
2002 8 24534
2002 9 24328
2002 10 24149
2002 11 23748
2002 12 23590
2003 1 24393
2003 2 24333
2003 3 24684
2003 4 24582
2003 5 24938
2003 6 26630
2003 7 26441
2003 8 25716
2003 9 25461
2003 10 25913
2003 11 26503
2003 12 26223
2004 1 26505
2004 2 25786
2004 3 24892
2004 4 25219
2004 5 25128
2004 6 25323
2004 7 24793
2004 8 24928
2004 9 24702
2004 10 24612
2004 11 24667
2004 12 24593
2005 1 24570
2005 2 24213
2005 3 24718
2005 4 25266
2005 5 25391
2005 6 24736
2005 7 24499
2005 8 24470
2005 9 24959
2005 10 25104
2005 11 25256
2005 12 25273
2006 1 25243
2006 2 25265
2006 3 26554
2006 4 26361
2006 5 26271
2006 6 28193
2006 7 27195
2006 8 27476
2006 9 27349
2006 10 26197
2006 11 25598
2006 12 25230
2007 1 25804
2007 2 25479
2007 3 24783
2007 4 24642
2007 5 25035
2007 6 24590
2007 7 25071
2007 8 25406
2007 9 25076
2007 10 25113
2007 11 25343
2007 12 25335
2008 1 25952
2008 2 26217
2008 3 25936
2008 4 25343
2008 5 24080
2008 6 23703
2008 7 23119
2008 8 23821
2008 9 24317
2008 10 26110
2008 11 25959
2008 12 26478
2009 1 29493
2009 2 29654
2009 3 30922
2009 4 28752
2009 5 28156
2009 6 27243
2009 7 26643
2009 8 27202
2009 9 27036
2009 10 27250
2009 11 27229